0.4571 0.869398
0.6464 1.109531
0.7916 1.303263
0.9141 1.465726
1.0220 1.616055
1.1195 1.759985
1.2093 1.883121
1.2927 2.002267
1.3712 2.102721
1.4453 2.208265
1.5159 2.298383
1.5833 2.398857
1.6479 2.473027
1.7101 2.573675
1.7702 2.642685
1.8282 2.722329
1.8845 2.807611
1.9391 2.876782
1.9923 2.951305
2.0440 3.009679
2.0945 3.073676
2.1438 3.148345
2.1919 3.212431
2.2391 3.271236
2.2853 3.328130
2.3305 3.381675
2.3749 3.450960
2.4185 3.495848
2.4613 3.554817
2.5034 3.613822
2.5448 3.661893
2.5855 3.704924
2.6256 3.764016
2.6651 3.817509
2.7040 3.865959
2.7423 3.903722
2.7801 3.946573
2.8175 3.989725
2.8543 4.032613
2.8907 4.070438
2.9266 4.119009
2.9620 4.161952
2.9971 4.199824
3.0318 4.242801
3.0660 4.291455
3.0999 4.327139
3.1334 4.363602
3.1666 4.388549
3.1994 4.431890
3.2319 4.469580
3.2640 4.507567
3.2959 4.550675
3.3274 4.579866
3.3586 4.615654
3.3896 4.653696
3.4203 4.686071
3.4507 4.724140
3.4808 4.756538
3.5107 4.783828
3.5403 4.830499
3.5697 4.848672
3.5988 4.886801
3.6278 4.919251
3.6564 4.946585
3.6849 4.989879
3.7131 5.011818
3.7411 5.038892
3.7690 5.060556
3.7966 5.098765
3.8240 5.120442
3.8512 5.149791
3.8782 5.172978
3.9051 5.204019
3.9317 5.240319
3.9582 5.262026
3.9845 5.272881
4.0106 5.316600
4.0366 5.338323
4.0624 5.360051
4.0880 5.398372
4.1135 5.425549
4.1388 5.460421
4.1640 5.469333
4.1890 5.507408
4.2138 5.524017
4.2385 5.553193
4.2631 5.567557
4.2875 5.597031
4.3118 5.611402
4.3360 5.633188
4.3600 5.654979
4.3839 5.682511
4.4077 5.698861
4.4313 5.720666
4.4548 5.753669
4.4782 5.770031
4.5015 5.804731
4.5246 5.813963
4.5476 5.841250
4.5705 5.874005
4.5933 5.890673
4.6160 5.901596
4.6386 5.934369
4.6611 5.958194
4.6834 5.983838
4.7057 5.996740
4.7278 6.024076
4.7498 6.036828
4.7718 6.047766
4.7936 6.069645
4.8154 6.082558
4.8370 6.104444
4.8585 6.132097
4.8800 6.148520
4.9013 6.175897
4.9226 6.192615
4.9438 6.198092
4.9649 6.225482
4.9859 6.258359
5.0068 6.264128
5.0276 6.275091
5.0483 6.291536
5.0690 6.318951
5.0895 6.335404
5.1100 6.352148
5.1304 6.374092
5.1507 6.392527
5.1710 6.412795
5.1911 6.423773
5.2112 6.429262
5.2312 6.458688
5.2511 6.467697
5.2710 6.478681
5.2908 6.497423
5.3105 6.517423
5.3301 6.533908
5.3497 6.544899
5.3692 6.567174
5.3886 6.585641
5.4079 6.602137
5.4272 6.627658
5.4464 6.638949
5.4656 6.657429
5.4846 6.668433
5.5037 6.671960
5.5226 6.706957
5.5415 6.718257
5.5603 6.729267
5.5791 6.743808
5.5977 6.767814
5.6164 6.767814
5.6349 6.784338
5.6534 6.806665
5.6719 6.823196
5.6903 6.828707
5.7086 6.850753
5.7269 6.865603
5.7451 6.878608
5.7632 6.884121
5.7813 6.900664
5.7994 6.922726
5.8173 6.915232
5.8353 6.933759
5.8531 6.961636
5.8710 6.967154
5.8887 6.978192
5.9064 7.000270
5.9241 7.000270
5.9417 7.026185
5.9592 7.039209
5.9767 7.059320
5.9942 7.072348
6.0116 7.085377
6.0289 7.096718
6.0462 7.100263
6.0635 7.116841
6.0807 7.133421
6.0979 7.155533
6.1150 7.155533
6.1320 7.159080
6.1490 7.183470
6.1660 7.192549
6.1829 7.200061
6.1998 7.222187
6.2166 7.244609
6.2334 7.242627
6.2501 7.244609
6.2668 7.275832
6.2834 7.270297
6.3000 7.297975
6.3166 7.309048
6.3331 7.309048
6.3496 7.314585
6.3660 7.339010
6.3824 7.353643
6.3987 7.370262
6.4151 7.375802
6.4313 7.381343
6.4475 7.392717
6.4637 7.409342
